Darkar y Mecoboy